x,y
0.5,29177.59335848739
1.5,27683.734483312608
2.5,26792.244767056836
3.5,25869.784543924066
4.5,25368.391174390003
5.5,25200.35148902618
6.5,25482.426776631404
7.5,25676.689281847084
8.5,27708.111398980098
9.5,28998.59582947694
10.5,31273.19701228983
11.5,31691.85623408721
12.5,32521.77291247552
13.5,33290.97530610905
14.5,32942.559170565815
15.5,32411.472573923493
16.5,32373.893416408093
17.5,31209.47806748266
18.5,30156.93207705611
19.5,32596.74361712244
20.5,34364.89716404232
21.5,33619.6468977373
22.5,32438.47183088816
23.5,30638.951854890474
